    21    21     1
    0.316148 -2.13626e-07 -7.67436e-11  9.78923e-12 -3.00531e-08  1.94481e-07 -8.20517e-08  6.63033e-05 -2.28175e-05  1.31089e-07  1.72901e-07 -3.90207e-21 -2.50618e-18  2.25612e-07  -2.8749e-08 -9.68214e-08 -2.60888e-08  7.16067e-07 -3.51753e-07 -2.53139e-08 -6.42512e-08
-2.13626e-07     0.318567  2.21583e-10  2.27617e-10 -2.32349e-08 -1.96312e-07 -8.30277e-08 -0.000147417 -3.74471e-05  6.24015e-07  8.88296e-08 -2.80176e-21 -6.13152e-18 -3.28838e-08 -4.49559e-08 -2.52768e-07  1.07827e-08  4.75273e-08  2.86574e-07  2.54341e-09  3.99895e-08
-7.67436e-11  2.21583e-10  4.68321e-07 -3.18475e-12 -1.90638e-11     3.37e-10  2.08694e-11  5.31171e-08  4.57829e-08 -6.49538e-09 -8.41223e-10 -1.00456e-24  3.00541e-21  1.57401e-09  6.72708e-10  2.15349e-10 -5.46833e-11  1.57561e-10 -8.72835e-10 -1.17256e-10 -6.42006e-12
 9.78923e-12  2.27617e-10 -3.18475e-12  1.40624e-05 -3.99371e-10 -4.63438e-10 -1.88348e-10   -7.778e-07   1.9839e-08 -5.33866e-09 -1.68712e-08  -1.6338e-23  -2.5547e-20 -9.49592e-10  1.30691e-08  1.76121e-10 -9.86336e-12 -2.99456e-09  5.63648e-10 -2.03745e-10  3.26818e-09
-3.00531e-08 -2.32349e-08 -1.90638e-11 -3.99371e-10    0.0686867 -1.71955e-09 -7.88478e-09 -4.76405e-06 -2.61474e-06 -3.43495e-08 -2.78152e-08 -2.09615e-21 -1.54255e-18 -1.03481e-08 -3.85146e-09 -2.91719e-08 -2.74461e-09 -3.89444e-08 -1.06991e-08 -3.59816e-09 -5.37815e-09
 1.94481e-07 -1.96312e-07     3.37e-10 -4.63438e-10 -1.71955e-09    0.0333423  1.88667e-08  -0.00050621 -1.43775e-05  3.30524e-07 -2.52314e-07 -3.37666e-22 -5.92823e-18 -6.19102e-07 -5.36756e-08  5.79702e-08  5.92613e-08 -1.14795e-06  1.00013e-06  3.40258e-08  1.61964e-07
-8.20517e-08 -8.30277e-08  2.08694e-11 -1.88348e-10 -7.88478e-09  1.88667e-08       7.5625  4.01385e-05 -2.21585e-05  1.20094e-07  4.36398e-08 -1.21076e-21 -1.27996e-18  4.59721e-08 -1.67867e-08 -9.33885e-08 -5.75455e-09  9.97496e-08  -6.7426e-08   7.8499e-10 -1.20728e-08
 6.63033e-05 -0.000147417  5.31171e-08   -7.778e-07 -4.76405e-06  -0.00050621  4.01385e-05       225624    0.0014606 -9.37837e-05 -0.000298005 -1.50066e-19 -5.93784e-15 -0.000439292 -4.21961e-06  0.000273263  4.57449e-05 -0.000687342  0.000771018 -1.52084e-06  0.000128026
-2.28175e-05 -3.74471e-05  4.57829e-08   1.9839e-08 -2.61474e-06 -1.43775e-05 -2.21585e-05    0.0014606       113906  0.000102548  3.92539e-05 -4.54063e-19 -6.05844e-16  1.25018e-05 -1.95903e-05 -4.08364e-05   2.9916e-07   3.3688e-05  1.54892e-05  2.63995e-06  -2.5809e-06
 1.31089e-07  6.24015e-07 -6.49538e-09 -5.33866e-09 -3.43495e-08  3.30524e-07  1.20094e-07 -9.37837e-05  0.000102548     0.262641 -1.50725e-06 -6.87661e-21  4.43119e-18  2.57461e-06  1.02703e-06  6.43693e-07 -6.31112e-08 -4.45027e-07  -2.0179e-06 -2.22542e-07   1.0432e-08
 1.72901e-07  8.88296e-08 -8.41223e-10 -1.68712e-08 -2.78152e-08 -2.52314e-07  4.36398e-08 -0.000298005  3.92539e-05 -1.50725e-06      0.26265  5.64217e-21 -1.13028e-17  -3.7406e-07  4.70416e-06  1.63409e-07  2.01716e-08  -9.4798e-07  2.98168e-07 -5.15048e-08  1.21153e-06
-3.90207e-21 -2.80176e-21 -1.00456e-24  -1.6338e-23 -2.09615e-21 -3.37666e-22 -1.21076e-21 -1.50066e-19 -4.54063e-19 -6.87661e-21  5.64217e-21  1.40625e-27 -1.64186e-31  1.21078e-21 -6.93849e-21 -3.63441e-21 -3.18605e-22 -3.04485e-21 -1.86272e-21 -9.03406e-23 -2.14081e-21
-2.50618e-18 -6.13152e-18  3.00541e-21  -2.5547e-20 -1.54255e-18 -5.92823e-18 -1.27996e-18 -5.93784e-15 -6.05844e-16  4.43119e-18 -1.13028e-17 -1.64186e-31  4.01995e-22 -5.22486e-18   5.2882e-18 -3.12757e-18  1.90722e-19 -9.35547e-18   5.7249e-18 -1.37657e-20  2.49534e-18
 2.25612e-07 -3.28838e-08  1.57401e-09 -9.49592e-10 -1.03481e-08 -6.19102e-07  4.59721e-08 -0.000439292  1.25018e-05  2.57461e-06  -3.7406e-07  1.21078e-21 -5.22486e-18    0.0325351 -3.71505e-08  1.65443e-07  4.46519e-08 -1.26298e-06  6.85232e-07 -8.01129e-07  1.21024e-07
 -2.8749e-08 -4.49559e-08  6.72708e-10  1.30691e-08 -3.85146e-09 -5.36756e-08 -1.67867e-08 -4.21961e-06 -1.95903e-05  1.02703e-06  4.70416e-06 -6.93849e-21   5.2882e-18 -3.71505e-08    0.0571192 -2.83222e-08  1.97363e-09  2.73479e-08  4.77472e-08  4.77777e-08 -4.06825e-06
-9.68214e-08 -2.52768e-07  2.15349e-10  1.76121e-10 -2.91719e-08  5.79702e-08 -9.33885e-08  0.000273263 -4.08364e-05  6.43693e-07  1.63409e-07 -3.63441e-21 -3.12757e-18  1.65443e-07 -2.83222e-08     0.136273 -1.57773e-08  1.73889e-07 -1.69833e-07  3.77321e-09 -3.46956e-08
-2.60888e-08  1.07827e-08 -5.46833e-11 -9.86336e-12 -2.74461e-09  5.92613e-08 -5.75455e-09  4.57449e-05   2.9916e-07 -6.31112e-08  2.01716e-08 -3.18605e-22  1.90722e-19  4.46519e-08  1.97363e-09 -1.57773e-08   0.00143517  9.44256e-08 -1.08223e-07  -6.2971e-09 -1.82265e-08
 7.16067e-07  4.75273e-08  1.57561e-10 -2.99456e-09 -3.89444e-08 -1.14795e-06  9.97496e-08 -0.000687342   3.3688e-05 -4.45027e-07  -9.4798e-07 -3.04485e-21 -9.35547e-18 -1.26298e-06  2.73479e-08  1.73889e-07  9.44256e-08     0.127474  1.61448e-06  4.98902e-08  2.69047e-07
-3.51753e-07  2.86574e-07 -8.72835e-10  5.63648e-10 -1.06991e-08  1.00013e-06  -6.7426e-08  0.000771018  1.54892e-05  -2.0179e-06  2.98168e-07 -1.86272e-21   5.7249e-18  6.85232e-07  4.77472e-08 -1.69833e-07 -1.08223e-07  1.61448e-06    0.0271704 -1.35805e-07 -3.09865e-07
-2.53139e-08  2.54341e-09 -1.17256e-10 -2.03745e-10 -3.59816e-09  3.40258e-08   7.8499e-10 -1.52084e-06  2.63995e-06 -2.22542e-07 -5.15048e-08 -9.03406e-23 -1.37657e-20 -8.01129e-07  4.77777e-08  3.77321e-09  -6.2971e-09  4.98902e-08 -1.35805e-07   0.00357672 -8.30833e-09
-6.42512e-08  3.99895e-08 -6.42006e-12  3.26818e-09 -5.37815e-09  1.61964e-07 -1.20728e-08  0.000128026  -2.5809e-06   1.0432e-08  1.21153e-06 -2.14081e-21  2.49534e-18  1.21024e-07 -4.06825e-06 -3.46956e-08 -1.82265e-08  2.69047e-07 -3.09865e-07 -8.30833e-09   0.00707506
* row and column names
af_m
af_p
alpha_m
alpha_p
auf_m
auf_p
b_bc
den_m
den_p
n_m
n_p
perm_m
perm_p
por_m
por_p
tcd_m
tcd_p
tcs_m
tcs_p
wr_m
wr_p
