    21    21     1
    0.316148 -2.61922e-07 -1.72701e-10  3.33615e-09 -3.45253e-09  8.34993e-08  9.56726e-09  0.000873006  0.000927184  -2.2138e-07  3.36752e-07  6.19406e-22  4.48317e-18  1.97643e-08 -5.93338e-08  6.89259e-08 -1.32293e-08  7.28955e-07 -2.97465e-07 -2.48542e-08  -2.4652e-08
-2.61922e-07     0.318561  4.22446e-10 -1.03079e-08  -1.8393e-08 -9.59493e-07  1.33646e-06    0.0696871    0.0747696  1.36629e-06 -3.80422e-06  7.09803e-21   2.1293e-17 -5.85494e-07  6.04817e-08 -8.25197e-07  7.41211e-08  3.28319e-07  1.21738e-06  1.02525e-10  1.86399e-07
-1.72701e-10  4.22446e-10   4.6832e-07 -1.16984e-11 -8.38731e-12  4.60036e-10  2.45001e-10  1.25572e-05  1.34462e-05 -9.68349e-09  -4.0961e-09  4.20155e-26  1.56453e-21  2.65358e-09  1.29858e-09  1.63036e-10 -6.43734e-11  3.44121e-10  -8.1211e-10  -1.8126e-10 -4.25015e-11
 3.33615e-09 -1.03079e-08 -1.16984e-11  1.40613e-05  1.41996e-10 -2.15927e-09  4.47713e-09  0.000199582  0.000217884 -2.94033e-08 -2.02326e-07   1.3807e-22 -2.79941e-20 -3.65056e-09   7.7187e-08  2.48497e-09  5.18564e-10 -4.79404e-09  7.02095e-09 -7.68741e-10  1.36667e-08
-3.45253e-09  -1.8393e-08 -8.38731e-12  1.41996e-10    0.0686867 -3.65343e-09  5.83082e-09  0.000255865   0.00027214 -1.29396e-08 -1.31558e-08 -3.89068e-24   8.8707e-19 -2.63563e-09 -2.28454e-09 -8.95803e-09 -4.17863e-11 -1.14995e-08  1.96086e-09 -8.19617e-10  2.78967e-10
 8.34993e-08 -9.59493e-07  4.60036e-10 -2.15927e-09 -3.65343e-09    0.0333421  3.37906e-08 -0.000317918   0.00026605   5.8174e-07  -1.4133e-06 -1.40088e-23  2.98174e-19 -1.30055e-06 -1.25685e-07  6.08758e-08  5.98031e-08  -1.2999e-06  1.13227e-06  7.36757e-08  1.74842e-07
 9.56726e-09  1.33646e-06  2.45001e-10  4.47713e-09  5.83082e-09  3.37906e-08       7.5625   -0.0970295     -0.10342  5.30713e-07  1.15208e-06 -1.07968e-21 -4.87367e-18  2.23323e-08 -1.08234e-07 -2.47683e-08 -7.45865e-09 -1.33622e-08  4.91454e-08  2.00059e-08 -6.13511e-09
 0.000873006    0.0696871  1.25572e-05  0.000199582  0.000255865 -0.000317918   -0.0970295       220976     -4952.96    0.0244837    0.0516041   -6.685e-17 -2.51104e-13   -0.0039209  -0.00486252   0.00148828 -0.000192726  -0.00660895   0.00520498   0.00111868  0.000364105
 0.000927184    0.0747696  1.34462e-05  0.000217884   0.00027214   0.00026605     -0.10342     -4952.96       108629    0.0264222    0.0566304  -7.1421e-17 -2.66073e-13  -0.00347582  -0.00520456   0.00116417 -0.000252487  -0.00608034   0.00457347   0.00119252  0.000259005
 -2.2138e-07  1.36629e-06 -9.68349e-09 -2.94033e-08 -1.29396e-08   5.8174e-07  5.30713e-07    0.0244837    0.0264222     0.262634 -7.96829e-06  -5.2169e-21  9.61278e-19  5.08751e-06  2.42916e-06  7.95844e-07 -7.09306e-08  7.18748e-08 -1.30723e-06 -6.81792e-08  4.62106e-08
 3.36752e-07 -3.80422e-06  -4.0961e-09 -2.02326e-07 -1.31558e-08  -1.4133e-06  1.15208e-06    0.0516041    0.0566304 -7.96829e-06     0.262608   2.4892e-20 -9.08879e-18  -8.9156e-07  1.66597e-05  1.98323e-07  1.12647e-07 -2.74293e-06   2.0411e-06 -2.41857e-07  3.31852e-06
 6.19406e-22  7.09803e-21  4.20155e-26   1.3807e-22 -3.89068e-24 -1.40088e-23 -1.07968e-21   -6.685e-17  -7.1421e-17  -5.2169e-21   2.4892e-20  1.40625e-27  -1.5422e-32  2.59714e-21 -9.44588e-21  6.30329e-22 -1.84858e-23 -3.23175e-21  6.47659e-22  3.46391e-22 -1.52875e-21
 4.48317e-18   2.1293e-17  1.56453e-21 -2.79941e-20   8.8707e-19  2.98174e-19 -4.87367e-18 -2.51104e-13 -2.66073e-13  9.61278e-19 -9.08879e-18  -1.5422e-32  4.01995e-22  2.68632e-19  9.00875e-18  4.52288e-18  1.45097e-19 -9.89373e-18  2.61089e-18  4.25667e-19  2.16816e-18
 1.97643e-08 -5.85494e-07  2.65358e-09 -3.65056e-09 -2.63563e-09 -1.30055e-06  2.23323e-08   -0.0039209  -0.00347582  5.08751e-06  -8.9156e-07  2.59714e-21  2.68632e-19    0.0325324 -2.34733e-07  3.48758e-07     7.38e-08 -1.51916e-06  1.12021e-06 -5.70822e-07  2.39906e-07
-5.93338e-08  6.04817e-08  1.29858e-09   7.7187e-08 -2.28454e-09 -1.25685e-07 -1.08234e-07  -0.00486252  -0.00520456  2.42916e-06  1.66597e-05 -9.44588e-21  9.00875e-18 -2.34733e-07    0.0571162  4.61182e-10  1.04913e-09 -7.59643e-08  9.04672e-08  1.12863e-07 -4.24563e-06
 6.89259e-08 -8.25197e-07  1.63036e-10  2.48497e-09 -8.95803e-09  6.08758e-08 -2.47683e-08   0.00148828   0.00116417  7.95844e-07  1.98323e-07  6.30329e-22  4.52288e-18  3.48758e-07  4.61182e-10     0.136272 -8.89877e-09  2.40723e-07 -1.39825e-07 -3.27049e-09 -8.26967e-09
-1.32293e-08  7.41211e-08 -6.43734e-11  5.18564e-10 -4.17863e-11  5.98031e-08 -7.45865e-09 -0.000192726 -0.000252487 -7.09306e-08  1.12647e-07 -1.84858e-23  1.45097e-19     7.38e-08  1.04913e-09 -8.89877e-09   0.00143517  9.84368e-08 -1.02582e-07 -7.45522e-09 -1.75876e-08
 7.28955e-07  3.28319e-07  3.44121e-10 -4.79404e-09 -1.14995e-08  -1.2999e-06 -1.33622e-08  -0.00660895  -0.00608034  7.18748e-08 -2.74293e-06 -3.23175e-21 -9.89373e-18 -1.51916e-06 -7.59643e-08  2.40723e-07  9.84368e-08     0.127473  2.20029e-06  9.07389e-08  2.89137e-07
-2.97465e-07  1.21738e-06  -8.1211e-10  7.02095e-09  1.96086e-09  1.13227e-06  4.91454e-08   0.00520498   0.00457347 -1.30723e-06   2.0411e-06  6.47659e-22  2.61089e-18  1.12021e-06  9.04672e-08 -1.39825e-07 -1.02582e-07  2.20029e-06    0.0271704 -8.72211e-08  -2.9774e-07
-2.48542e-08  1.02525e-10  -1.8126e-10 -7.68741e-10 -8.19617e-10  7.36757e-08  2.00059e-08   0.00111868   0.00119252 -6.81792e-08 -2.41857e-07  3.46391e-22  4.25667e-19 -5.70822e-07  1.12863e-07 -3.27049e-09 -7.45522e-09  9.07389e-08 -8.72211e-08   0.00357672 -4.80506e-09
 -2.4652e-08  1.86399e-07 -4.25015e-11  1.36667e-08  2.78967e-10  1.74842e-07 -6.13511e-09  0.000364105  0.000259005  4.62106e-08  3.31852e-06 -1.52875e-21  2.16816e-18  2.39906e-07 -4.24563e-06 -8.26967e-09 -1.75876e-08  2.89137e-07  -2.9774e-07 -4.80506e-09   0.00707514
* row and column names
af_m
af_p
alpha_m
alpha_p
auf_m
auf_p
b_bc
den_m
den_p
n_m
n_p
perm_m
perm_p
por_m
por_p
tcd_m
tcd_p
tcs_m
tcs_p
wr_m
wr_p
