    21    21     1
    0.316148 -8.63385e-07 -5.46946e-10  1.11357e-08 -2.57916e-08   1.6566e-07   1.7337e-08   0.00700608   0.00736351 -3.44775e-07  2.58871e-07   4.8734e-23  4.20237e-17  2.76633e-07 -1.23121e-07 -9.69891e-08 -3.67559e-08  9.98428e-07 -5.11363e-07 -6.63435e-08  -8.9145e-08
-8.63385e-07     0.318561 -1.55391e-11 -2.15146e-09   -8.022e-08 -9.75142e-07  1.18307e-06    0.0753585    0.0807996  1.17827e-06 -4.03088e-06  4.10242e-21  8.03899e-17 -5.27621e-07 -2.99743e-08 -9.45857e-07   5.1529e-08  4.25779e-07  1.04995e-06 -4.73258e-08  1.35039e-07
-5.46946e-10 -1.55391e-11  4.68319e-07 -6.60736e-12 -3.38415e-11  5.16203e-10  1.65725e-10  1.48348e-05  1.57491e-05 -1.00348e-08 -4.38632e-09 -7.75657e-25  4.51572e-20  2.84806e-09  1.30401e-09  3.72914e-11 -7.29151e-11  4.71357e-10 -9.42569e-10 -2.02864e-10 -7.23626e-11
 1.11357e-08 -2.15146e-09 -6.60736e-12  1.40611e-05  4.68851e-10 -3.40209e-09  4.08414e-09  0.000125472  0.000140771 -2.59784e-08 -2.00084e-07    1.338e-22 -8.60921e-19 -5.64788e-09  7.90536e-08  4.81032e-09  9.64709e-10  -1.0176e-08  1.15364e-08 -2.87706e-10  1.47574e-08
-2.57916e-08   -8.022e-08 -3.38415e-11  4.68851e-10    0.0686867  1.10877e-09  -4.3179e-09  0.000971869   0.00102082 -2.08544e-08 -1.20175e-08 -1.18013e-22  2.76079e-18  2.35829e-08 -8.22067e-10 -3.86442e-08 -1.61303e-09   2.5535e-08 -1.89118e-08 -4.33711e-09 -4.36101e-09
  1.6566e-07 -9.75142e-07  5.16203e-10 -3.40209e-09  1.10877e-09    0.0333421  3.84299e-08  0.000163205  0.000812798  6.01741e-07 -1.41351e-06  3.86113e-22 -2.85092e-18 -1.33324e-06 -1.06352e-07  5.82337e-08  5.96189e-08 -1.24874e-06   1.1282e-06    7.848e-08  1.80051e-07
  1.7337e-08  1.18307e-06  1.65725e-10  4.08414e-09  -4.3179e-09  3.84299e-08       7.5625   -0.0944362    -0.100663  5.14531e-07  1.00469e-06 -1.08736e-21 -3.51976e-18  7.85642e-08  -5.5608e-08 -7.71319e-08 -8.56309e-09  2.61767e-08  5.86275e-08  8.95475e-09 -8.15608e-09
  0.00700608    0.0753585  1.48348e-05  0.000125472  0.000971869  0.000163205   -0.0944362       220977     -4951.28     0.026126    0.0517986 -3.84296e-17 -8.82816e-13  -0.00361932  -0.00337639   0.00201893 -5.23137e-05  -0.00639337   0.00648673   0.00136558  0.000689666
  0.00736351    0.0807996  1.57491e-05  0.000140771   0.00102082  0.000812798    -0.100663     -4951.28       108631    0.0280459    0.0568334 -4.12496e-17 -9.34063e-13  -0.00306767  -0.00361306   0.00171497 -0.000106437  -0.00585718   0.00589836   0.00144234  0.000593812
-3.44775e-07  1.17827e-06 -1.00348e-08 -2.59784e-08 -2.08544e-08  6.01741e-07  5.14531e-07     0.026126    0.0280459     0.262634 -8.08226e-06 -5.05802e-21  1.82581e-17  5.20181e-06   2.3915e-06  6.83971e-07 -7.26763e-08  1.53086e-07 -1.40093e-06 -8.03973e-08  2.22864e-08
 2.58871e-07 -4.03088e-06 -4.38632e-09 -2.00084e-07 -1.20175e-08 -1.41351e-06  1.00469e-06    0.0517986    0.0568334 -8.08226e-06     0.262608  2.13361e-20  2.09915e-17 -8.11947e-07  1.65688e-05  1.21935e-07  1.07419e-07 -2.72033e-06  1.99718e-06 -2.63597e-07   3.3057e-06
  4.8734e-23  4.10242e-21 -7.75657e-25    1.338e-22 -1.18013e-22  3.86113e-22 -1.08736e-21 -3.84296e-17 -4.12496e-17 -5.05802e-21  2.13361e-20  1.40625e-27   6.5011e-32   3.5939e-21 -8.19528e-21 -3.97545e-22 -8.04034e-23 -1.41176e-21 -2.13243e-22  1.88565e-22 -1.53179e-21
 4.20237e-17  8.03899e-17  4.51572e-20 -8.60921e-19  2.76079e-18 -2.85092e-18 -3.51976e-18 -8.82816e-13 -9.34063e-13  1.82581e-17  2.09915e-17   6.5011e-32   4.0199e-22 -1.52389e-17  1.67129e-17  1.53917e-17  2.55479e-18 -2.25097e-17  1.82239e-17  4.77747e-18  8.09641e-18
 2.76633e-07 -5.27621e-07  2.84806e-09 -5.64788e-09  2.35829e-08 -1.33324e-06  7.85642e-08  -0.00361932  -0.00306767  5.20181e-06 -8.11947e-07   3.5939e-21 -1.52389e-17    0.0325324 -2.06275e-07  3.78127e-07  7.54049e-08 -1.46005e-06   1.1475e-06  -5.6123e-07  2.56944e-07
-1.23121e-07 -2.99743e-08  1.30401e-09  7.90536e-08 -8.22067e-10 -1.06352e-07  -5.5608e-08  -0.00337639  -0.00361306   2.3915e-06  1.65688e-05 -8.19528e-21  1.67129e-17 -2.06275e-07    0.0571161  4.55791e-10 -3.62481e-09 -8.07558e-10  5.28962e-08   1.1201e-07 -4.26315e-06
-9.69891e-08 -9.45857e-07  3.72914e-11  4.81032e-09 -3.86442e-08  5.82337e-08 -7.71319e-08   0.00201893   0.00171497  6.83971e-07  1.21935e-07 -3.97545e-22  1.53917e-17  3.78127e-07  4.55791e-10     0.136272 -1.44002e-08  2.43528e-07 -1.95369e-07  -1.6065e-08 -2.19544e-08
-3.67559e-08   5.1529e-08 -7.29151e-11  9.64709e-10 -1.61303e-09  5.96189e-08 -8.56309e-09 -5.23137e-05 -0.000106437 -7.26763e-08  1.07419e-07 -8.04034e-23  2.55479e-18  7.54049e-08 -3.62481e-09 -1.44002e-08   0.00143517   9.8416e-08 -1.04906e-07 -8.19342e-09  -1.8336e-08
 9.98428e-07  4.25779e-07  4.71357e-10  -1.0176e-08   2.5535e-08 -1.24874e-06  2.61767e-08  -0.00639337  -0.00585718  1.53086e-07 -2.72033e-06 -1.41176e-21 -2.25097e-17 -1.46005e-06 -8.07558e-10  2.43528e-07   9.8416e-08     0.127473  2.19568e-06  1.03074e-07  2.91495e-07
-5.11363e-07  1.04995e-06 -9.42569e-10  1.15364e-08 -1.89118e-08   1.1282e-06  5.86275e-08   0.00648673   0.00589836 -1.40093e-06  1.99718e-06 -2.13243e-22  1.82239e-17   1.1475e-06  5.28962e-08 -1.95369e-07 -1.04906e-07  2.19568e-06    0.0271703 -9.76246e-08 -3.07831e-07
-6.63435e-08 -4.73258e-08 -2.02864e-10 -2.87706e-10 -4.33711e-09    7.848e-08  8.95475e-09   0.00136558   0.00144234 -8.03973e-08 -2.63597e-07  1.88565e-22  4.77747e-18  -5.6123e-07   1.1201e-07  -1.6065e-08 -8.19342e-09  1.03074e-07 -9.76246e-08   0.00357671  -7.3394e-09
 -8.9145e-08  1.35039e-07 -7.23626e-11  1.47574e-08 -4.36101e-09  1.80051e-07 -8.15608e-09  0.000689666  0.000593812  2.22864e-08   3.3057e-06 -1.53179e-21  8.09641e-18  2.56944e-07 -4.26315e-06 -2.19544e-08  -1.8336e-08  2.91495e-07 -3.07831e-07  -7.3394e-09   0.00707513
* row and column names
af_m
af_p
alpha_m
alpha_p
auf_m
auf_p
b_bc
den_m
den_p
n_m
n_p
perm_m
perm_p
por_m
por_p
tcd_m
tcd_p
tcs_m
tcs_p
wr_m
wr_p
