    12    12     1
 4.68251e-07  4.28039e-10  -3.7686e-08  2.96207e-09 -1.65844e-10 -4.75403e-22 -9.83983e-19 -1.95316e-08 -1.16571e-08 -1.12917e-09 -4.68454e-10  2.01836e-10
 4.28039e-10  6.24467e-06  2.88756e-07 -1.50749e-07  1.25315e-09  3.54222e-21  6.90794e-18  1.42962e-07  7.17475e-08   7.0285e-09  4.61615e-09 -1.65889e-09
 -3.7686e-08  2.88756e-07      7.56246  3.52741e-06 -9.20323e-08 -3.18732e-19  -6.3522e-16 -1.11388e-05 -5.31044e-06 -5.36631e-07  -3.4749e-07  9.99646e-08
 2.96207e-09 -1.50749e-07  3.52741e-06    0.0656406  1.65428e-08  2.38542e-20  4.02644e-17 -5.71068e-07 -4.42838e-06  6.58129e-07  9.16173e-08 -7.13306e-09
-1.65844e-10  1.25315e-09 -9.20323e-08  1.65428e-08  5.62488e-05 -1.14119e-21 -2.43755e-18 -4.37954e-08  -1.7604e-08 -4.30735e-09 -1.41071e-09  6.30605e-10
-4.75403e-22  3.54222e-21 -3.18732e-19  2.38542e-20 -1.14119e-21  1.40625e-27  -7.9723e-30  -1.5138e-19 -7.30814e-20 -5.32359e-21  -3.7445e-21  1.85653e-21
-9.83983e-19  6.90794e-18  -6.3522e-16  4.02644e-17 -2.43755e-18  -7.9723e-30  4.01975e-22 -3.24244e-16 -1.25641e-16 -2.12753e-17 -7.57316e-18  4.12173e-18
-1.95316e-08  1.42962e-07 -1.11388e-05 -5.71068e-07 -4.37954e-08  -1.5138e-19 -3.24244e-16    0.0324797 -6.39727e-06 -5.55947e-07 -2.83208e-07  9.97935e-08
-1.16571e-08  7.17475e-08 -5.31044e-06 -4.42838e-06  -1.7604e-08 -7.30814e-20 -1.25641e-16 -6.39727e-06    0.0297849  -5.7925e-07 -1.60868e-07  1.04508e-07
-1.12917e-09   7.0285e-09 -5.36631e-07  6.58129e-07 -4.30735e-09 -5.32359e-21 -2.12753e-17 -5.55947e-07  -5.7925e-07   0.00193584 -6.34878e-09  4.96996e-09
-4.68454e-10  4.61615e-09  -3.4749e-07  9.16173e-08 -1.41071e-09  -3.7445e-21 -7.57316e-18 -2.83208e-07 -1.60868e-07 -6.34878e-09  0.000224992  2.51416e-09
 2.01836e-10 -1.65889e-09  9.99646e-08 -7.13306e-09  6.30605e-10  1.85653e-21  4.12173e-18  9.97935e-08  1.04508e-07  4.96996e-09  2.51416e-09  3.51332e-06
* row and column names
alpha_m
alpha_p
b_bc
n_p
pen_s
perm_m
perm_p
por_m
por_p
wr_p
z_bg
z_s
