    12    12     1
 4.68303e-07  1.08438e-10 -9.18175e-09  1.38252e-10 -7.54781e-11 -1.10555e-22 -1.64177e-19  2.65845e-09 -3.78419e-09 -2.23469e-10 -5.80533e-11  4.07306e-11
 1.08438e-10  6.24536e-06  1.79855e-07  -8.5127e-08  1.31304e-09  9.02967e-22  4.89973e-18  3.50242e-08  6.56077e-08  4.36777e-09  1.96647e-09  -3.6895e-10
-9.18175e-09  1.79855e-07      7.56246  8.31059e-07 -1.94148e-08  -1.4768e-19 -6.37307e-16 -1.19204e-05 -1.38699e-05 -2.35716e-07 -2.08649e-07   5.9567e-08
 1.38252e-10  -8.5127e-08  8.31059e-07    0.0656391 -4.78918e-08 -4.52227e-21 -1.67614e-17 -4.79616e-07 -4.00112e-06  4.38018e-07  6.26601e-08  8.63772e-09
-7.54781e-11  1.31304e-09 -1.94148e-08 -4.78918e-08  5.62478e-05 -7.42481e-22 -3.70174e-19  1.44976e-08  -1.2842e-08 -4.33636e-09 -6.63571e-10  3.71629e-10
-1.10555e-22  9.02967e-22  -1.4768e-19 -4.52227e-21 -7.42481e-22  1.40625e-27 -2.51105e-30 -4.19781e-20 -4.35454e-20 -3.30148e-21 -5.14341e-22  3.92792e-22
-1.64177e-19  4.89973e-18 -6.37307e-16 -1.67614e-17 -3.70174e-19 -2.51105e-30  4.01977e-22 -2.72943e-16 -2.66237e-16 -9.09042e-18 -3.43526e-18  9.68873e-19
 2.65845e-09  3.50242e-08 -1.19204e-05 -4.79616e-07  1.44976e-08 -4.19781e-20 -2.72943e-16    0.0324817 -6.92117e-06 -1.87797e-07 -1.44338e-07  2.98567e-08
-3.78419e-09  6.56077e-08 -1.38699e-05 -4.00112e-06  -1.2842e-08 -4.35454e-20 -2.66237e-16 -6.92117e-06    0.0297858 -5.83558e-07 -1.01992e-07  2.84144e-08
-2.23469e-10  4.36777e-09 -2.35716e-07  4.38018e-07 -4.33636e-09 -3.30148e-21 -9.09042e-18 -1.87797e-07 -5.83558e-07   0.00193584  6.64867e-10  1.34553e-09
-5.80533e-11  1.96647e-09 -2.08649e-07  6.26601e-08 -6.63571e-10 -5.14341e-22 -3.43526e-18 -1.44338e-07 -1.01992e-07  6.64867e-10  0.000224995   2.9673e-10
 4.07306e-11  -3.6895e-10   5.9567e-08  8.63772e-09  3.71629e-10  3.92792e-22  9.68873e-19  2.98567e-08  2.84144e-08  1.34553e-09   2.9673e-10  3.51512e-06
* row and column names
alpha_m
alpha_p
b_bc
n_p
pen_s
perm_m
perm_p
por_m
por_p
wr_p
z_bg
z_s
