    12    12     1
 4.68318e-07  6.87921e-11 -3.90489e-09  5.58759e-10 -1.22122e-11 -2.75952e-23 -1.12646e-19  -9.4175e-10 -3.59742e-09 -1.56837e-10 -6.29651e-11 -1.64681e-11
 6.87921e-11  6.24619e-06  1.66297e-07 -1.38897e-07  3.77656e-10  9.05752e-22  2.88113e-18 -5.12956e-09  4.76363e-08  2.21843e-09  2.37722e-09  6.27066e-10
-3.90489e-09  1.66297e-07      7.56242  5.80295e-06 -2.39803e-07 -5.42484e-20   -9.139e-16 -6.06684e-06  1.74976e-06 -5.32402e-07 -5.15008e-07 -2.14637e-07
 5.58759e-10 -1.38897e-07  5.80295e-06    0.0656415 -1.83115e-08  3.82648e-20  6.35944e-17 -2.74881e-06 -5.14459e-06  5.06862e-07  9.24372e-08  2.24206e-08
-1.22122e-11  3.77656e-10 -2.39803e-07 -1.83115e-08  5.62468e-05  1.17854e-22 -3.57054e-18 -1.63413e-08  2.76168e-08 -4.65675e-09 -2.78242e-09 -8.53564e-10
-2.75952e-23  9.05752e-22 -5.42484e-20  3.82648e-20  1.17854e-22  1.40625e-27 -3.60323e-31  5.70099e-21 -5.93293e-20  1.41201e-21 -1.51824e-21 -1.07596e-22
-1.12646e-19  2.88113e-18   -9.139e-16  6.35944e-17 -3.57054e-18 -3.60323e-31   4.0198e-22 -6.39564e-17  9.11251e-19 -1.36498e-17 -5.98322e-18  -3.2207e-18
 -9.4175e-10 -5.12956e-09 -6.06684e-06 -2.74881e-06 -1.63413e-08  5.70099e-21 -6.39564e-17    0.0324995 -2.41105e-06 -3.29004e-07 -7.20308e-08 -1.68151e-08
-3.59742e-09  4.76363e-08  1.74976e-06 -5.14459e-06  2.76168e-08 -5.93293e-20  9.11251e-19 -2.41105e-06    0.0297848 -4.06646e-07 -7.72485e-08  1.80321e-08
-1.56837e-10  2.21843e-09 -5.32402e-07  5.06862e-07 -4.65675e-09  1.41201e-21 -1.36498e-17 -3.29004e-07 -4.06646e-07    0.0019358  6.37386e-10 -2.34077e-09
-6.29651e-11  2.37722e-09 -5.15008e-07  9.24372e-08 -2.78242e-09 -1.51824e-21 -5.98322e-18 -7.20308e-08 -7.72485e-08  6.37386e-10  0.000224991 -1.46516e-09
-1.64681e-11  6.27066e-10 -2.14637e-07  2.24206e-08 -8.53564e-10 -1.07596e-22  -3.2207e-18 -1.68151e-08  1.80321e-08 -2.34077e-09 -1.46516e-09  3.51465e-06
* row and column names
alpha_m
alpha_p
b_bc
n_p
pen_s
perm_m
perm_p
por_m
por_p
wr_p
z_bg
z_s
