    12    12     1
 4.68314e-07  9.73234e-11 -6.03457e-09  2.26316e-10 -4.91426e-11 -9.42457e-23 -1.48219e-19 -1.69258e-09 -7.63726e-10 -4.88541e-10 -9.63912e-11   2.4232e-12
 9.73234e-11   6.2465e-06  1.19479e-07 -1.35033e-07  6.10135e-10  1.71393e-21  2.66096e-18  2.56684e-08  2.46054e-08  6.16998e-09  2.94329e-09 -2.28971e-10
-6.03457e-09  1.19479e-07      7.56248  2.86242e-06  -2.5655e-08 -7.16553e-20 -1.19366e-16  2.20445e-07 -5.56283e-06 -8.39141e-08  -2.0037e-07  1.96543e-08
 2.26316e-10 -1.35033e-07  2.86242e-06    0.0656416 -9.07202e-09  3.21425e-20  1.48114e-17  -2.8464e-06 -6.09989e-06   6.1333e-07  6.19137e-08 -7.92807e-09
-4.91426e-11  6.10135e-10  -2.5655e-08 -9.07202e-09  5.62477e-05 -7.59123e-22 -6.44328e-19 -1.69433e-08 -5.58034e-09 -3.22416e-09 -1.77424e-09 -6.21489e-11
-9.42457e-23  1.71393e-21 -7.16553e-20  3.21425e-20 -7.59123e-22  1.40625e-27 -2.10103e-30  1.34887e-20 -1.79688e-20 -6.20637e-21 -2.05928e-21  1.50499e-22
-1.48219e-19  2.66096e-18 -1.19366e-16  1.48114e-17 -6.44328e-19 -2.10103e-30  4.01991e-22 -6.96055e-17 -8.48083e-17 -8.94178e-18 -2.79529e-18  2.51389e-19
-1.69258e-09  2.56684e-08  2.20445e-07  -2.8464e-06 -1.69433e-08  1.34887e-20 -6.96055e-17     0.032492 -3.36783e-06 -3.39452e-07 -1.14087e-07 -2.04105e-08
-7.63726e-10  2.46054e-08 -5.56283e-06 -6.09989e-06 -5.58034e-09 -1.79688e-20 -8.48083e-17 -3.36783e-06    0.0297847 -3.29469e-07 -9.72606e-08  5.41593e-09
-4.88541e-10  6.16998e-09 -8.39141e-08   6.1333e-07 -3.22416e-09 -6.20637e-21 -8.94178e-18 -3.39452e-07 -3.29469e-07   0.00193582  -3.6313e-09 -5.74097e-10
-9.63912e-11  2.94329e-09  -2.0037e-07  6.19137e-08 -1.77424e-09 -2.05928e-21 -2.79529e-18 -1.14087e-07 -9.72606e-08  -3.6313e-09  0.000224992  2.06796e-10
  2.4232e-12 -2.28971e-10  1.96543e-08 -7.92807e-09 -6.21489e-11  1.50499e-22  2.51389e-19 -2.04105e-08  5.41593e-09 -5.74097e-10  2.06796e-10  3.51547e-06
* row and column names
alpha_m
alpha_p
b_bc
n_p
pen_s
perm_m
perm_p
por_m
por_p
wr_p
z_bg
z_s
