    12    12     1
 4.68278e-07 -5.47623e-10 -5.21229e-08 -2.03029e-08  -2.1402e-12  1.03886e-21 -2.61472e-19 -2.14264e-08 -1.34868e-08 -1.31035e-09  1.35452e-11 -8.77916e-12
-5.47623e-10  6.24037e-06 -6.91929e-07 -4.14939e-07  8.04737e-10  1.43412e-20 -1.08785e-18 -2.82639e-07 -1.58279e-07 -2.47457e-08  8.91627e-10 -5.03397e-12
-5.21229e-08 -6.91929e-07      7.56242   -2.696e-05  8.58062e-08     1.32e-18  -1.4062e-16 -2.59182e-05 -1.21853e-05 -2.53655e-06  9.87594e-08  8.41293e-09
-2.03029e-08 -4.14939e-07   -2.696e-05    0.0656259  5.90023e-08   6.6895e-19  1.20185e-16 -1.59957e-05 -4.07184e-06 -6.50451e-07  2.12992e-07  4.49917e-09
 -2.1402e-12  8.04737e-10  8.58062e-08  5.90023e-08   5.6248e-05 -1.33522e-21 -1.38288e-18 -1.93594e-08 -4.89743e-08  8.01007e-09 -8.90448e-10 -1.90268e-10
 1.03886e-21  1.43412e-20     1.32e-18   6.6895e-19 -1.33522e-21  1.40622e-27 -2.09044e-30  5.58241e-19    2.622e-19  1.85881e-20  -8.1694e-21 -2.56826e-22
-2.61472e-19 -1.08785e-18  -1.4062e-16  1.20185e-16 -1.38288e-18 -2.09044e-30  4.01985e-22 -7.49756e-17 -1.14574e-16 -1.83544e-17 -7.02984e-18 -4.05159e-19
-2.14264e-08 -2.82639e-07 -2.59182e-05 -1.59957e-05 -1.93594e-08  5.58241e-19 -7.49756e-17    0.0324942 -6.92893e-06 -4.81252e-07  3.00468e-08 -6.00555e-09
-1.34868e-08 -1.58279e-07 -1.21853e-05 -4.07184e-06 -4.89743e-08    2.622e-19 -1.14574e-16 -6.92893e-06    0.0297864  -8.9519e-07 -1.32984e-07 -1.11033e-08
-1.31035e-09 -2.47457e-08 -2.53655e-06 -6.50451e-07  8.01007e-09  1.85881e-20 -1.83544e-17 -4.81252e-07  -8.9519e-07   0.00193552 -3.50681e-08  -2.0027e-10
 1.35452e-11  8.91627e-10  9.87594e-08  2.12992e-07 -8.90448e-10  -8.1694e-21 -7.02984e-18  3.00468e-08 -1.32984e-07 -3.50681e-08  0.000224982 -4.83044e-10
-8.77916e-12 -5.03397e-12  8.41293e-09  4.49917e-09 -1.90268e-10 -2.56826e-22 -4.05159e-19 -6.00555e-09 -1.11033e-08  -2.0027e-10 -4.83044e-10  3.51557e-06
* row and column names
alpha_m
alpha_p
b_bc
n_p
pen_s
perm_m
perm_p
por_m
por_p
wr_p
z_bg
z_s
