    12    12     1
 4.68263e-07 -1.14829e-10  -1.9309e-08 -1.68902e-08 -4.17626e-10 -6.53058e-22 -1.45569e-18 -5.49164e-09 -4.05492e-09 -5.71359e-09 -6.72581e-10 -9.32298e-11
-1.14829e-10  6.24967e-06 -2.78602e-08 -5.27004e-08 -1.01855e-09 -1.46991e-21 -3.55818e-18 -1.76651e-08 -1.22969e-08 -1.51621e-08 -1.41274e-09 -2.29892e-10
 -1.9309e-08 -2.78602e-08      7.56248 -4.19978e-06 -1.53454e-07 -4.30334e-19 -4.47364e-16  1.50109e-07  5.25724e-07 -1.69717e-06 -1.81366e-07 -2.21482e-08
-1.68902e-08 -5.27004e-08 -4.19978e-06    0.0656462 -1.56662e-07 -2.22455e-19 -5.09123e-16 -3.98502e-06 -2.40345e-06 -2.55443e-06 -1.31896e-07 -3.16843e-08
-4.17626e-10 -1.01855e-09 -1.53454e-07 -1.56662e-07  5.62449e-05 -5.48106e-21 -1.22052e-17 -4.95076e-08  -6.9436e-08 -4.90498e-08 -7.30446e-09 -7.99865e-10
-6.53058e-22 -1.46991e-21 -4.30334e-19 -2.22455e-19 -5.48106e-21  1.40622e-27 -2.11752e-29  4.43414e-20  1.83291e-20  -8.2829e-20 -5.43842e-21 -1.26177e-21
-1.45569e-18 -3.55818e-18 -4.47364e-16 -5.09123e-16 -1.22052e-17 -2.11752e-29  4.01947e-22 -1.71857e-16 -1.56374e-16 -1.73195e-16 -2.04405e-17 -2.99577e-18
-5.49164e-09 -1.76651e-08  1.50109e-07 -3.98502e-06 -4.95076e-08  4.43414e-20 -1.71857e-16     0.032503 -1.10381e-06 -8.94993e-07 -1.01041e-07 -1.21537e-08
-4.05492e-09 -1.22969e-08  5.25724e-07 -2.40345e-06  -6.9436e-08  1.83291e-20 -1.56374e-16 -1.10381e-06     0.029782 -8.65921e-07 -1.18416e-07 -1.44887e-08
-5.71359e-09 -1.51621e-08 -1.69717e-06 -2.55443e-06 -4.90498e-08  -8.2829e-20 -1.73195e-16 -8.94993e-07 -8.65921e-07   0.00193505 -6.41583e-08 -1.13573e-08
-6.72581e-10 -1.41274e-09 -1.81366e-07 -1.31896e-07 -7.30446e-09 -5.43842e-21 -2.04405e-17 -1.01041e-07 -1.18416e-07 -6.41583e-08  0.000224972 -1.41275e-09
-9.32298e-11 -2.29892e-10 -2.21482e-08 -3.16843e-08 -7.99865e-10 -1.26177e-21 -2.99577e-18 -1.21537e-08 -1.44887e-08 -1.13573e-08 -1.41275e-09  3.51542e-06
* row and column names
alpha_m
alpha_p
b_bc
n_p
pen_s
perm_m
perm_p
por_m
por_p
wr_p
z_bg
z_s
