    12    12     1
 4.68268e-07  5.05693e-11 -2.30933e-08 -6.93624e-09 -1.89709e-10 -6.78814e-23 -5.11008e-19  9.34145e-09 -6.66637e-09 -7.31599e-10  3.74329e-11  4.78613e-11
 5.05693e-11  6.24711e-06  7.78094e-08 -1.37159e-07  4.32429e-10  8.10674e-22  1.89436e-18  1.25539e-08  6.18933e-08 -1.56998e-09  1.55181e-09 -3.26255e-10
-2.30933e-08  7.78094e-08      7.56245 -8.55958e-07 -1.51853e-07 -3.90103e-20 -4.64747e-16 -2.51405e-06 -1.32127e-05 -6.19089e-07 -2.22928e-07  6.39986e-08
-6.93624e-09 -1.37159e-07 -8.55958e-07    0.0656389 -2.69362e-08  2.08741e-20 -7.09976e-17 -1.98131e-07 -4.10007e-06  4.57808e-07  7.97492e-08  4.90909e-10
-1.89709e-10  4.32429e-10 -1.51853e-07 -2.69362e-08  5.62481e-05 -1.24146e-22 -2.49299e-18 -1.86273e-08 -7.31212e-08 -2.21815e-09 -7.85969e-10   5.2334e-10
-6.78814e-23  8.10674e-22 -3.90103e-20  2.08741e-20 -1.24146e-22  1.40625e-27 -1.24243e-30 -1.74639e-21 -3.73211e-20  -8.5991e-22 -6.36339e-22  2.26677e-22
-5.11008e-19  1.89436e-18 -4.64747e-16 -7.09976e-17 -2.49299e-18 -1.24243e-30  4.01982e-22 -1.13374e-16 -2.31534e-16 -5.58586e-18 -2.65313e-18  5.07569e-19
 9.34145e-09  1.25539e-08 -2.51405e-06 -1.98131e-07 -1.86273e-08 -1.74639e-21 -1.13374e-16    0.0324859 -6.74696e-06 -7.27844e-08 -1.13891e-07  1.11053e-08
-6.66637e-09  6.18933e-08 -1.32127e-05 -4.10007e-06 -7.31212e-08 -3.73211e-20 -2.31534e-16 -6.74696e-06    0.0297818 -3.89834e-07 -1.05301e-07  2.38736e-08
-7.31599e-10 -1.56998e-09 -6.19089e-07  4.57808e-07 -2.21815e-09  -8.5991e-22 -5.58586e-18 -7.27844e-08 -3.89834e-07   0.00193584  3.25501e-09  1.74696e-09
 3.74329e-11  1.55181e-09 -2.22928e-07  7.97492e-08 -7.85969e-10 -6.36339e-22 -2.65313e-18 -1.13891e-07 -1.05301e-07  3.25501e-09  0.000224995   1.8382e-10
 4.78613e-11 -3.26255e-10  6.39986e-08  4.90909e-10   5.2334e-10  2.26677e-22  5.07569e-19  1.11053e-08  2.38736e-08  1.74696e-09   1.8382e-10  3.51486e-06
* row and column names
alpha_m
alpha_p
b_bc
n_p
pen_s
perm_m
perm_p
por_m
por_p
wr_p
z_bg
z_s
