    12    12     1
 4.68313e-07 -7.85979e-12 -8.11997e-09 -4.56708e-09   -2.549e-11 -4.62728e-22 -1.58667e-19 -2.44449e-10  1.66612e-09 -9.83368e-10  2.00855e-10 -2.54116e-11
-7.85979e-12  6.24983e-06 -1.32173e-08 -3.07057e-08 -6.41758e-10 -3.73391e-22 -2.92302e-19 -1.02207e-08 -1.55798e-08 -3.76109e-09 -9.08374e-10  -6.7925e-11
-8.11997e-09 -1.32173e-08      7.56249 -4.75203e-07 -1.14181e-07  -4.5859e-19 -1.81912e-16 -8.66028e-07  1.99133e-06 -4.84963e-07  2.02961e-08 -2.02772e-08
-4.56708e-09 -3.07057e-08 -4.75203e-07     0.065644  4.55544e-08 -2.27637e-19 -4.27943e-17 -3.56317e-06  -5.8873e-07 -1.57665e-06  3.05173e-07 -2.40903e-08
  -2.549e-11 -6.41758e-10 -1.14181e-07  4.55544e-08  5.62396e-05 -4.34308e-21 -3.38307e-18  -2.3614e-08 -1.27061e-07 -1.14695e-08  -2.1861e-08 -3.63144e-10
-4.62728e-22 -3.73391e-22  -4.5859e-19 -2.27637e-19 -4.34308e-21   1.4062e-27 -9.48271e-30 -9.19357e-20  2.34671e-19 -6.83853e-20  5.00422e-21 -2.13999e-21
-1.58667e-19 -2.92302e-19 -1.81912e-16 -4.27943e-17 -3.38307e-18 -9.48271e-30  4.01991e-22  -2.4246e-17 -5.50512e-17 -1.96157e-17 -4.39074e-18  -5.3764e-19
-2.44449e-10 -1.02207e-08 -8.66028e-07 -3.56317e-06  -2.3614e-08 -9.19357e-20  -2.4246e-17     0.032505 -3.43774e-07 -3.80118e-07 -2.03341e-08 -5.81142e-09
 1.66612e-09 -1.55798e-08  1.99133e-06  -5.8873e-07 -1.27061e-07  2.34671e-19 -5.50512e-17 -3.43774e-07    0.0297781  -6.4289e-07  -3.8145e-07  1.37404e-09
-9.83368e-10 -3.76109e-09 -4.84963e-07 -1.57665e-06 -1.14695e-08 -6.83853e-20 -1.96157e-17 -3.80118e-07  -6.4289e-07   0.00193548 -5.26356e-09 -5.78284e-09
 2.00855e-10 -9.08374e-10  2.02961e-08  3.05173e-07  -2.1861e-08  5.00422e-21 -4.39074e-18 -2.03341e-08  -3.8145e-07 -5.26356e-09  0.000224923  -1.0412e-10
-2.54116e-11  -6.7925e-11 -2.02772e-08 -2.40903e-08 -3.63144e-10 -2.13999e-21  -5.3764e-19 -5.81142e-09  1.37404e-09 -5.78284e-09  -1.0412e-10  3.51547e-06
* row and column names
alpha_m
alpha_p
b_bc
n_p
pen_s
perm_m
perm_p
por_m
por_p
wr_p
z_bg
z_s
